%YAML:1.0
---
cameraMatrix: !!opencv-matrix
   rows: 3
   cols: 3
   dt: d
   data: [ 1.0591415264876296e+03, 0., 9.4678193561353555e+02, 0.,
       1.0613418284563063e+03, 5.5001694323493530e+02, 0., 0., 1. ]
distortionCoefficients: !!opencv-matrix
   rows: 1
   cols: 5
   dt: d
   data: [ -1.2605356761485541e-02, 3.1815834500507362e-01,
       1.2663076220890703e-03, 2.9308765375893023e-03,
       -6.5326483813662828e-01 ]
rotation: !!opencv-matrix
   rows: 3
   cols: 3
   dt: d
   data: [ 1., 0., 0., 0., 1., 0., 0., 0., 1. ]
projection: !!opencv-matrix
   rows: 4
   cols: 4
   dt: d
   data: [ 1.0591415264876296e+03, 0., 9.4678193561353555e+02, 0., 0.,
       1.0613418284563063e+03, 5.5001694323493530e+02, 0., 0., 0., 1.,
       0., 0., 0., 0., 1. ]
