%YAML:1.0
---
rotation: !!opencv-matrix
   rows: 3
   cols: 3
   dt: d
   data: [ 9.9999718447773633e-01, -2.1847472330605621e-03,
       9.2623761954165767e-04, 2.1882183653819456e-03,
       9.9999052474483763e-01, -3.7632593492482238e-03,
       -9.1800707275333285e-04, 3.7652755638775256e-03,
       9.9999248995327084e-01 ]
translation: !!opencv-matrix
   rows: 3
   cols: 1
   dt: d
   data: [ -5.2216619996015137e-02, 5.3324365181806947e-05,
       1.3257314058422668e-03 ]
essential: !!opencv-matrix
   rows: 3
   cols: 3
   dt: d
   data: [ -2.9499419542146545e-06, -1.3255180632697414e-03,
       5.8313035820960526e-05, 1.2777924467443631e-03,
       1.9371357527857899e-04, 5.2217455789060431e-02,
       -1.6758558189932003e-04, -5.2216008729957672e-02,
       1.9645529235307616e-04 ]
fundamental: !!opencv-matrix
   rows: 3
   cols: 3
   dt: d
   data: [ -4.2676170751945277e-09, -1.9144685791150733e-06,
       4.1670245993161923e-04, 1.8447223340159115e-06,
       2.7920382577099577e-07, 2.6975924007300593e-02,
       -1.2673688801652224e-03, -7.8217709541501604e-02, 1. ]
