%YAML:1.0
---
depthShift: -2.0147843974467861e+01
