%YAML:1.0
---
cameraMatrix: !!opencv-matrix
   rows: 3
   cols: 3
   dt: d
   data: [ 3.6488737507074831e+02, 0., 2.5753533841706798e+02, 0.,
       3.6548387288143306e+02, 2.0100691556691504e+02, 0., 0., 1. ]
distortionCoefficients: !!opencv-matrix
   rows: 1
   cols: 5
   dt: d
   data: [ 1.1178473098260978e-01, -3.3131271369958143e-01,
       9.4161091025035107e-04, 3.7824388759916881e-04,
       1.6683752026411305e-01 ]
rotation: !!opencv-matrix
   rows: 3
   cols: 3
   dt: d
   data: [ 1., 0., 0., 0., 1., 0., 0., 0., 1. ]
projection: !!opencv-matrix
   rows: 4
   cols: 4
   dt: d
   data: [ 3.6488737507074831e+02, 0., 2.5753533841706798e+02, 0., 0.,
       3.6548387288143306e+02, 2.0100691556691504e+02, 0., 0., 0., 1.,
       0., 0., 0., 0., 1. ]
